url_path,views_total,views_unique
/jiyuuchc/lacss,29,14
/jiyuuchc/lacss/tree/main-jax,6,2
/jiyuuchc/lacss/issues/16,3,3
/jiyuuchc/lacss/blob/4bc7d8a9999f8bf5ca249ed213cb97f44cc413d5/lacss/modules/convnext.py,3,1
/jiyuuchc/lacss/blob/4bc7d8a9999f8bf5ca249ed213cb97f44cc413d5/lacss/modules/unet.py,3,1
/jiyuuchc/lacss/blob/main-jax/lacss/deploy/__init__.py,3,1
/jiyuuchc/lacss/blob/main-jax/lacss/deploy/predict.py,3,1
/jiyuuchc/lacss/issues,2,2
/jiyuuchc/lacss/issues/15,2,2
/jiyuuchc/lacss/blob/4bc7d8a9999f8bf5ca249ed213cb97f44cc413d5/lacss/modules/backbone.py,2,1
